== 64k vocab pieces by script ==               starved    10lang    20lang    50lang      fair   position of 10lang, 20lang, 50lang
Latin                                            29038     31436     34584     31127     30561    1.57  3.64  1.37
Arabic                                            3718      5740      5283      3431     13132    0.21  0.17 -0.03
Han                                               9093     15350     11064      8280     17625    0.73  0.23 -0.10
Cyrillic                                          6544      5204      5042      5660       125    0.21  0.23  0.14
Kana                                               265      2466      1475       751       220   -48.91 -26.89 -10.80
Hangul                                            1571       417      4412      2712       368    0.96 -2.36 -0.95
Greek                                              621        68        70      1313        73    1.01  1.01 -1.26
Hebrew                                             746        28        27      1476        29    1.00  1.00 -1.02
Devanagari                                        1717        40        35      2453        40    1.00  1.00 -0.44
Thai                                               254        42        43      1004        41    1.00  0.99 -3.52
OtherIndic                                        2648        63        48      3023       104    1.02  1.02 -0.15
OtherScript                                       2640       342       221       263       344    1.00  1.05  1.04
mixed                                              823      1272       517       650         8   -0.55  0.38  0.21
sym_num_space                                     2948      2714      2304      2115      2542    0.58  1.59  2.05

== own-script MULTI-character pieces (the mechanism) ==
Latin                                            28322     31029     34081     30621     30161    1.47  3.13  1.25
Arabic                                            3524      5628      5173      3304     13001    0.22  0.17 -0.02
Han                                                203      5630      2744       829      7878    0.71  0.33  0.08
Cyrillic                                          6215      5033      4863      5454         2    0.19  0.22  0.12

== emitted tokens on FLORES+ (dev+devtest), per language ==
-- tokens/sentence
  en                                              35.1      32.6      32.3      32.7      29.3    0.44  0.48  0.42
  de                                              45.4      36.0      38.5      42.9      33.1    0.76  0.56  0.20
  fr                                              47.0      38.8      41.1      44.9      36.1    0.75  0.54  0.19
  ar                                              44.7      35.6      38.6      44.0      30.3    0.63  0.42  0.05
  zh                                              38.6      31.4      33.6      36.8      29.6    0.80  0.56  0.21
-- unique pieces used
  en                                              5767      6464      6588      6314      8119    0.30  0.35  0.23
  de                                              5274      7381      6395      5331      9282    0.53  0.28  0.01
  fr                                              5285      7109      6258      5320      8685    0.54  0.29  0.01
  ar                                              2431      5269      3815      2374      8943    0.44  0.21 -0.01
  zh                                              3912      6171      5132      4225      7311    0.66  0.36  0.09
-- % single-char tokens
  en                                              17.9      19.3      19.1      18.7      17.8   -11.90 -10.01 -6.82
  de                                              16.4      17.8      17.8      18.4      16.8    3.77  3.96  5.67
  fr                                              22.4      24.4      24.3      24.1      23.9    1.34  1.30  1.17
  ar                                              25.4      20.0      21.0      25.1      17.4    0.68  0.55  0.03
  zh                                              87.2      64.5      71.7      81.4      58.6    0.79  0.54  0.20
